Ilosci k-klik:
3: 59
4: 44
5: 12

Wyniki w formacie (klika, otoczka, pole):
({0, 9, 4}, [4, 0, 9], 4.0)
({0, 9, 8}, [8, 9, 0], 4.0)
({0, 1, 3}, [0, 1, 3], 7.5)
({0, 9, 2}, [9, 2, 0], 12.0)
({7, 2, 0}, [0, 7, 2], 17.0)
({0, 9, 3}, [9, 3, 0], 20.0)
({2, 1, 3}, [2, 1, 3], 35.5)
({5, 3, 1}, [3, 5, 1], 36.0)
({4, 3, 1}, [4, 1, 3], 43.5)
({5, 9, 0}, [9, 5, 0], 44.0)
({7, 9, 0}, [9, 7, 0], 52.0)
({2, 3, 9}, [9, 2, 3], 57.0)
({7, 9, 2}, [9, 7, 2], 57.0)
({4, 9, 3}, [4, 3, 9], 59.0)
({2, 3, 0}, [0, 2, 3], 65.0)
({7, 2, 9, 0}, [9, 7, 2, 0], 69.0)
({1, 8, 3}, [8, 1, 3], 71.5)
({1, 6, 3}, [6, 3, 1], 72.5)
({4, 3, 0}, [4, 3, 0], 75.0)
({2, 9, 3, 0}, [9, 2, 3, 0], 77.0)
({0, 9, 3, 4}, [4, 3, 0, 9], 79.0)
({0, 6, 9}, [6, 9, 0], 80.0)
({7, 9, 4}, [4, 7, 9], 85.0)
({5, 3, 0}, [0, 5, 3], 90.0)
({0, 1, 2}, [0, 2, 1], 93.0)
({2, 1, 3, 0}, [0, 2, 1, 3], 100.5)
({3, 8, 9}, [8, 3, 9], 101.0)
({5, 9, 4}, [4, 5, 9], 107.0)
({0, 1, 4}, [4, 1, 0], 111.0)
({5, 3, 9}, [9, 5, 3], 114.0)
({5, 1, 0}, [0, 5, 1], 118.5)
({4, 1, 3, 0}, [4, 1, 3, 0], 118.5)
({5, 7, 1}, [7, 5, 1], 121.0)
({5, 6, 0}, [6, 0, 5], 124.0)
({0, 8, 3}, [8, 3, 0], 125.0)
({0, 3, 8, 9}, [8, 3, 0], 125.0)
({5, 1, 3, 0}, [0, 5, 1, 3], 126.0)
({7, 0, 4}, [4, 7, 0], 133.0)
({5, 9, 3, 0}, [9, 5, 3, 0], 134.0)
({4, 7, 9, 0}, [4, 7, 0, 9], 137.0)
({5, 0, 4}, [4, 5, 0], 147.0)
({4, 5, 9, 0}, [4, 5, 0, 9], 151.0)
({5, 1, 4}, [4, 5, 1], 154.5)
({5, 3, 4}, [4, 5, 3], 162.0)
({5, 3, 6}, [6, 5, 3], 186.0)
({0, 1, 8}, [8, 1, 0], 189.0)
({0, 3, 8, 1}, [8, 1, 3, 0], 196.5)
({5, 1, 3, 4}, [4, 5, 1, 3], 198.0)
({0, 3, 6}, [6, 0, 3], 220.0)
({5, 9, 3, 4}, [4, 5, 3, 9], 221.0)
({0, 5, 3, 4}, [4, 5, 3, 0], 237.0)
({5, 3, 0, 9, 4}, [4, 5, 3, 0, 9], 241.0)
({5, 6, 9}, [6, 9, 5], 248.0)
({5, 9, 6, 0}, [6, 9, 5], 248.0)
({7, 8, 6}, [6, 8, 7], 263.0)
({4, 5, 1, 0}, [4, 5, 1, 0], 265.5)
({5, 3, 0, 1, 4}, [4, 5, 1, 3, 0], 273.0)
({5, 6, 1}, [6, 5, 1], 294.5)
({5, 1, 6, 3}, [6, 5, 1], 294.5)
({0, 1, 6}, [6, 0, 1], 300.0)
({0, 3, 1, 6}, [6, 0, 1], 300.0)
({5, 3, 6, 0}, [6, 0, 5, 3], 310.0)
({3, 6, 9}, [6, 9, 3], 320.0)
({0, 9, 6, 3}, [6, 9, 3], 320.0)
({7, 9, 8}, [8, 7, 9], 331.0)
({7, 1, 2}, [2, 7, 1], 335.5)
({7, 8, 0}, [8, 7, 0], 387.0)
({7, 9, 8, 0}, [8, 7, 0], 387.0)
({5, 1, 6, 0}, [6, 0, 5, 1], 418.5)
({5, 6, 3, 0, 1}, [6, 0, 5, 1], 418.5)
({7, 5, 4}, [4, 7, 5], 434.0)
({5, 3, 9, 6}, [6, 9, 5, 3], 434.0)
({5, 6, 3, 0, 9}, [6, 9, 5, 3], 434.0)
({7, 1, 0}, [0, 7, 1], 445.5)
({7, 2, 1, 0}, [0, 7, 1], 445.5)
({5, 7, 0}, [0, 7, 5], 448.0)
({7, 5, 9}, [9, 7, 5], 456.0)
({7, 1, 4}, [4, 7, 1], 467.5)
({9, 8, 6}, [6, 8, 9], 468.0)
({5, 7, 9, 0}, [9, 7, 5, 0], 500.0)
({7, 9, 6}, [6, 7, 9], 536.0)
({7, 5, 9, 4}, [4, 7, 5, 9], 541.0)
({0, 8, 6}, [6, 8, 0], 544.0)
({0, 9, 6, 8}, [6, 8, 9, 0], 548.0)
({7, 5, 1, 0}, [0, 7, 5, 1], 566.5)
({7, 4, 1, 0}, [4, 7, 1, 0], 578.5)
({7, 5, 4, 0}, [4, 7, 5, 0], 581.0)
({5, 9, 7, 4, 0}, [4, 7, 5, 0, 9], 585.0)
({5, 7, 1, 4}, [4, 7, 5, 1], 588.5)
({7, 8, 1}, [8, 7, 1], 643.5)
({7, 6, 0}, [6, 7, 0], 668.0)
({7, 9, 6, 0}, [6, 7, 0], 668.0)
({5, 4, 7, 1, 0}, [4, 7, 5, 1, 0], 699.5)
({7, 9, 6, 8}, [6, 8, 7, 9], 799.0)
({7, 8, 1, 0}, [8, 7, 1, 0], 832.5)
({8, 3, 6}, [6, 8, 3], 889.0)
({0, 6, 3, 8}, [6, 8, 3], 889.0)
({9, 3, 6, 8}, [6, 8, 3], 889.0)
({9, 6, 3, 0, 8}, [6, 8, 3], 889.0)
({7, 8, 6, 0}, [6, 8, 7, 0], 931.0)
({9, 6, 7, 8, 0}, [6, 8, 7, 0], 931.0)
({6, 1, 8}, [6, 8, 1], 1033.0)
({0, 6, 1, 8}, [6, 8, 1], 1033.0)
({3, 6, 1, 8}, [6, 8, 1], 1033.0)
({8, 6, 3, 0, 1}, [6, 8, 1], 1033.0)
({5, 7, 6}, [6, 7, 5], 1240.0)
({5, 7, 6, 0}, [6, 7, 5], 1240.0)
({7, 5, 9, 6}, [6, 7, 5], 1240.0)
({5, 6, 7, 9, 0}, [6, 7, 5], 1240.0)
({7, 1, 6}, [6, 7, 1], 1413.5)
({7, 1, 6, 0}, [6, 7, 1], 1413.5)
({7, 5, 1, 6}, [6, 7, 5, 1], 1534.5)
({5, 6, 7, 1, 0}, [6, 7, 5, 1], 1534.5)
({7, 6, 1, 8}, [6, 8, 7, 1], 1676.5)
({8, 6, 7, 1, 0}, [6, 8, 7, 1], 1676.5)
